1	Connecticut 1	BE	31-3	+31.81	126.5	1	94.6	12	64.5	330	+.047	70	+10.18	39	111.4	47	101.2	37	-3.14	284
2	Houston 1	B12	30-4	+31.31	118.7	18	87.4	1	63.3	349	+.053	59	+11.48	17	111.7	42	100.2	8	-0.79	228
3	Purdue 1	B10	29-4	+29.34	125.1	4	95.7	18	67.5	173	+.045	75	+14.08	3	114.2	4	100.1	7	+10.49	12
4	Auburn 4	SEC	27-7	+28.54	120.4	10	91.8	5	69.9	58	-.067	324	+9.41	60	111.8	38	102.4	71	+1.69	147
5	Arizona 2	P12	26-8	+27.02	120.9	9	93.9	10	72.0	16	-.041	286	+10.97	24	112.0	32	101.1	27	+10.75	10
6	Iowa St. 2	B12	28-7	+26.46	114.1	53	87.6	2	67.3	189	+.013	151	+9.93	46	110.8	67	100.8	19	-6.89	347
7	Tennessee 2	SEC	25-8	+26.15	117.1	28	91.0	3	69.2	80	-.031	269	+11.97	13	113.8	5	101.8	62	+8.85	20
8	Duke 4	ACC	24-8	+25.04	121.9	7	96.8	27	66.8	230	-.077	334	+8.83	72	110.7	70	101.9	65	+0.27	198
9	North Carolina 1	ACC	28-7	+24.88	118.3	19	93.4	7	70.6	42	-.024	252	+10.90	26	112.1	29	101.2	34	+6.89	39
10	Illinois 3	B10	27-8	+24.39	126.0	2	101.6	92	69.9	57	-.033	271	+11.22	20	111.7	41	100.5	12	-2.02	258
11	Creighton 3	BE	24-9	+23.27	120.1	12	96.8	26	67.1	208	-.011	215	+10.69	30	111.8	39	101.1	29	+5.42	64
12	Gonzaga 5	WCC	26-7	+22.61	121.4	8	98.7	42	69.3	79	-.051	299	+4.19	101	108.8	99	104.6	120	+7.76	27
13	Marquette 2	BE	25-9	+22.32	118.1	22	95.8	20	69.1	91	+.036	97	+12.82	7	113.1	8	100.3	9	+8.47	23
14	Alabama 4	SEC	21-11	+22.20	125.4	3	103.2	116	72.7	11	-.028	263	+13.53	5	114.5	1	100.9	21	+9.39	17
15	Baylor 3	B12	23-10	+21.94	122.4	5	100.4	65	65.7	281	-.004	194	+13.81	4	112.6	17	98.8	1	+3.25	104
16	Michigan St. 9	B10	20-14	+21.11	114.1	52	93.0	6	65.1	310	-.101	355	+12.79	8	114.2	3	101.5	48	+4.68	76
17	Wisconsin 5	B10	22-13	+20.76	120.1	11	99.4	47	65.2	308	-.031	267	+14.27	2	113.4	6	99.1	2	+6.14	50
18	Saint Mary's 5	WCC	26-7	+20.28	115.2	42	94.9	14	62.0	358	+.020	130	+3.53	108	108.4	103	104.9	130	+5.70	58
19	BYU 6	B12	23-11	+20.03	119.8	13	99.7	53	69.1	89	-.048	294	+9.50	56	110.3	80	100.8	17	-5.34	328
20	San Diego St. 5	MWC	24-10	+20.00	113.8	55	93.8	9	66.0	267	-.032	270	+11.45	18	112.8	12	101.3	41	+11.01	9
21	New Mexico 11	MWC	26-9	+19.21	115.7	39	96.5	22	72.8	8	-.021	245	+7.23	85	110.2	83	103.0	86	-0.11	207
22	Colorado 10	P12	25-10	+19.18	117.4	25	98.2	34	67.4	186	+.017	143	+8.92	70	110.6	72	101.7	58	-1.22	241
23	Kentucky 3	SEC	23-10	+18.94	122.1	6	103.2	115	72.6	13	-.040	285	+8.82	73	111.2	55	102.4	72	-0.03	205
24	Kansas 4	B12	23-10	+18.67	113.5	63	94.8	13	69.2	84	+.058	51	+13.33	6	112.7	13	99.4	3	+5.18	68
25	Texas 7	B12	21-12	+18.61	117.2	27	98.6	39	67.3	195	-.029	264	+10.48	34	111.2	54	100.7	16	-3.00	280
26	Nebraska 8	B10	23-10	+18.37	115.9	33	97.6	31	68.7	104	+.014	149	+9.40	61	111.0	61	101.6	52	-5.02	319
29	Florida 7	SEC	24-11	+17.88	119.2	16	101.3	86	71.8	18	-.007	201	+10.52	33	112.2	27	101.6	56	+2.17	133
30	Dayton 7	A10	25-7	+17.63	118.2	21	100.5	70	64.3	336	+.012	156	+6.63	87	109.1	95	102.4	75	+7.12	37
31	Colorado St. 10	MWC	25-11	+17.43	114.2	49	96.7	24	66.1	266	-.026	255	+9.95	45	112.3	23	102.3	70	+6.20	48
32	Texas Tech 6	B12	23-11	+17.29	117.3	26	100.0	58	66.7	234	+.034	101	+10.41	35	111.2	53	100.8	18	-2.46	268
33	Clemson 6	ACC	21-11	+17.03	117.5	24	100.4	66	66.2	260	-.022	246	+10.28	37	112.3	21	102.0	68	+5.19	67
34	Nevada 10	MWC	26-8	+16.93	115.3	41	98.3	35	66.7	232	+.043	85	+6.50	88	110.1	85	103.6	93	-0.89	230
35	TCU 9	B12	21-12	+16.91	114.9	45	98.0	32	69.8	63	-.049	296	+9.59	53	110.5	76	100.9	20	-8.25	357
36	Mississippi St. 8	SEC	21-14	+16.87	112.9	70	96.0	21	67.0	211	-.037	278	+11.39	19	112.6	15	101.2	35	+0.93	170
37	Washington St. 7	P12	25-9	+16.77	113.3	67	96.5	23	65.0	313	+.028	110	+7.73	84	110.3	81	102.6	80	-4.84	314
39	Boise St. 10	MWC	22-11	+16.35	113.5	62	97.1	30	66.6	241	-.002	189	+10.15	41	111.4	48	101.2	36	+8.18	24
40	Florida Atlantic 8	Amer	25-8	+16.35	118.9	17	102.6	106	68.1	138	-.011	216	+5.49	95	109.5	91	104.0	100	+6.69	42
42	Northwestern 9	B10	21-11	+16.12	116.8	30	100.6	73	63.8	342	+.008	166	+10.04	44	111.9	33	101.8	64	-7.27	355
45	Texas A&M 9	SEC	20-14	+15.75	115.8	38	100.0	56	65.9	270	-.025	254	+11.21	21	112.6	16	101.4	45	+5.30	66
48	Utah St. 8	MWC	27-6	+15.38	115.8	37	100.5	67	68.6	107	+.100	14	+6.39	89	109.5	93	103.1	88	+2.14	134
50	Drake 10	MVC	28-7	+14.65	115.1	43	100.4	63	68.0	149	+.051	63	+3.30	112	108.1	109	104.8	128	-1.06	234
51	Oregon 11	P12	24-11	+14.50	115.0	44	100.5	69	67.4	181	+.047	71	+9.71	51	111.1	58	101.4	46	+0.08	204
53	Grand Canyon 12	WAC	29-4	+14.11	113.5	61	99.4	49	68.2	135	+.022	122	-1.11	206	104.3	274	105.4	146	-1.35	247
54	South Carolina 6	SEC	26-8	+14.05	114.6	47	100.6	71	63.1	351	+.144	4	+7.77	83	110.5	77	102.7	82	-5.85	337
55	N.C. State 11	ACC	23-14	+13.87	114.7	46	100.9	77	68.1	139	+.002	177	+9.77	49	111.1	57	101.4	43	-4.85	315
59	James Madison 12	SB	31-3	+12.88	113.8	54	100.9	80	69.6	71	+.027	114	-4.37	293	103.4	294	107.8	270	-6.51	342
66	McNeese St. 12	Slnd	30-4	+11.80	113.4	65	101.6	91	65.8	276	+.032	105	-6.11	331	102.7	314	108.8	331	+4.75	75
72	Virginia 10	ACC	23-11	+11.22	104.7	209	93.4	8	60.1	362	+.108	12	+8.70	76	111.5	46	102.8	84	-1.02	233
80	Duquesne 11	A10	25-11	+10.07	107.2	157	97.1	29	66.4	251	+.056	55	+5.57	94	109.5	92	103.9	98	+1.97	138
81	Samford 13	SC	29-6	+10.02	113.6	59	103.6	124	72.7	9	+.110	11	-1.90	225	104.6	257	106.5	199	-5.21	323
87	Yale 13	Ivy	22-9	+9.42	110.7	92	101.3	89	64.6	329	+.001	180	+2.17	127	108.4	105	106.2	178	+5.53	59
99	Charleston 13	CAA	27-7	+7.62	113.7	57	106.1	174	69.9	59	+.050	65	-2.01	228	105.5	214	107.5	254	+0.08	203
104	Vermont 13	AE	28-6	+6.96	107.1	160	100.1	60	63.3	350	+.063	46	-2.55	244	104.4	263	106.9	220	+2.69	119
106	UAB 12	Amer	23-11	+6.39	113.7	58	107.3	200	67.8	154	+.116	10	+4.70	99	109.0	97	104.3	109	+2.12	135
114	Morehead St. 14	OVC	26-9	+5.18	109.1	123	103.9	129	64.2	337	+.043	82	-4.95	307	103.8	287	108.7	325	+7.89	25
121	Akron 14	MAC	24-11	+4.72	106.8	167	102.1	96	66.0	269	+.008	168	-1.04	201	105.9	191	106.9	216	+6.71	41
130	Oakland 14	Horz	24-11	+3.81	109.1	124	105.3	157	66.6	240	+.089	19	-0.13	178	107.7	121	107.8	275	+10.13	14
135	Western Kentucky 15	CUSA	22-11	+3.03	105.5	191	102.5	104	75.2	1	-.051	298	-2.45	242	103.7	289	106.1	176	-2.75	274
137	South Dakota St. 15	Sum	22-13	+2.83	108.9	128	106.0	173	67.9	153	-.013	222	-1.68	218	105.8	195	107.5	256	+3.09	109
144	Colgate 14	Pat	25-9	+2.14	104.6	210	102.5	103	66.3	253	+.057	52	-6.88	340	101.9	330	108.8	330	+6.71	40
161	Longwood 16	BSth	21-13	+0.92	105.7	186	104.8	146	66.9	225	-.047	293	-3.93	282	104.5	259	108.5	309	-6.63	344
163	Long Beach St. 15	BW	21-15	+0.08	107.4	152	107.3	201	71.4	24	+.053	60	+0.25	164	105.4	218	105.2	139	+1.60	151
200	Saint Peter's 15	MAAC	19-14	-2.89	98.4	307	101.3	88	64.0	338	+.041	88	-3.54	275	103.0	301	106.6	203	+0.65	179
219	Montana St. 16	BSky	17-18	-4.32	103.6	225	107.9	212	68.9	96	-.009	208	-3.01	257	105.5	213	108.5	314	+0.31	196
220	Stetson 16	ASun	22-12	-4.33	110.1	102	114.5	343	66.2	257	+.137	7	-3.42	272	105.2	231	108.7	322	+4.83	74
260	Grambling St. 16	SWAC	21-14	-6.97	100.2	282	107.2	198	64.9	316	+.139	5	-5.08	311	101.2	343	106.3	186	+15.33	3
279	Howard 16	MEAC	18-17	-8.54	105.5	192	114.0	336	67.7	158	+.011	157	-6.92	342	100.6	352	107.5	258	+0.14	199
292	Wagner 16	NEC	17-16	-10.10	96.3	330	106.4	178	61.5	361	+.043	83	-7.27	346	100.8	348	108.1	287	-1.13	238
